4 0.216038 0.138561 0.375000 0.277122
4 0.638797 0.131486 0.402123 0.262972
4 0.599882 0.380601 0.406840 0.228184
4 0.229599 0.545991 0.369104 0.155660
4 0.243750 0.351415 0.376179 0.176887
4 0.618160 0.581368 0.405660 0.183962
4 0.213679 0.742335 0.393868 0.247642
4 0.629953 0.760908 0.344340 0.245873
4 0.205425 0.910377 0.400943 0.176887
4 0.593986 0.895342 0.413915 0.175118
4 0.918868 0.124410 0.150943 0.248820
4 0.912382 0.376179 0.166274 0.254717
4 0.894693 0.606132 0.192217 0.261792
4 0.902241 0.828125 0.195518 0.192807