5 0.182241 0.349138 0.153448 0.325862
5 0.397759 0.206897 0.201724 0.372414
5 0.554655 0.160345 0.139655 0.255172
5 0.450345 0.826724 0.075862 0.287931
5 0.349483 0.823276 0.118966 0.050000
5 0.540862 0.551724 0.208621 0.262069
5 0.828793 0.188793 0.322414 0.312069
5 0.839138 0.831897 0.232759 0.301724
5 0.598621 0.816379 0.203448 0.298276
5 0.327931 0.594828 0.127586 0.365517
5 0.052069 0.510345 0.055172 0.400000
5 0.186552 0.727586 0.134483 0.489655
5 0.826207 0.525000 0.300000 0.298276
5 0.167586 0.130172 0.286207 0.232759
2 0.636552 0.351724 0.251724 0.151724