5 0.226207 0.146552 0.262069 0.272414
5 0.409828 0.169828 0.094828 0.281034
5 0.596897 0.143966 0.206897 0.270690
5 0.804655 0.159483 0.187931 0.250000
5 0.858965 0.394828 0.137931 0.210345
5 0.846034 0.729310 0.156897 0.489655
5 0.719310 0.753448 0.175862 0.441379
5 0.621034 0.625862 0.131034 0.182759
5 0.551207 0.839655 0.112069 0.220690
5 0.430517 0.742241 0.181034 0.387931
5 0.330517 0.532759 0.122414 0.172414
5 0.203793 0.798276 0.179310 0.355172
5 0.112241 0.647414 0.224482 0.356897
5 0.503793 0.396552 0.148276 0.227586
5 0.703793 0.400000 0.172414 0.234483
5 0.176207 0.373276 0.282759 0.194828