5 0.205053 0.110238 0.362559 0.159049
5 0.532091 0.102925 0.240073 0.140768
5 0.796662 0.115722 0.230274 0.159049
5 0.198929 0.293967 0.357660 0.142596
5 0.544952 0.296709 0.285393 0.129799
5 0.814422 0.307678 0.229049 0.122486
5 0.191580 0.473126 0.284168 0.182815
5 0.535766 0.475868 0.281718 0.213894
5 0.836470 0.467642 0.251097 0.157221
5 0.185455 0.702559 0.252322 0.180987
5 0.525355 0.687020 0.278044 0.182815
5 0.830958 0.676965 0.249872 0.195612
5 0.168920 0.915722 0.278044 0.168556
5 0.544952 0.921207 0.312340 0.157586
5 0.868316 0.931993 0.204552 0.117002