5 0.197806 0.336929 0.221207 0.162706
5 0.326691 0.308592 0.186472 0.212066
5 0.418099 0.258318 0.182815 0.217550
5 0.594516 0.257404 0.173675 0.329068
5 0.184095 0.544424 0.201097 0.171846
5 0.174954 0.715356 0.212066 0.166362
5 0.322121 0.816819 0.159049 0.175503
5 0.358684 0.675137 0.111517 0.067642
5 0.331261 0.548080 0.140768 0.223035
5 0.444607 0.443876 0.122486 0.277879
5 0.481170 0.571846 0.074954 0.124314
5 0.428154 0.717185 0.060329 0.053016
5 0.440951 0.809506 0.067642 0.073126
5 0.509506 0.721755 0.084095 0.054845
5 0.516819 0.799452 0.084095 0.085923
5 0.594516 0.694333 0.118830 0.084095
5 0.595430 0.810420 0.131627 0.129799
5 0.670384 0.750091 0.197441 0.104205
5 0.653016 0.644973 0.177331 0.080439
5 0.593601 0.525229 0.113346 0.148080
5 0.771846 0.453931 0.265082 0.334552
5 0.804753 0.712614 0.166362 0.149909