5 0.068828 0.440219 0.126815 0.255941
5 0.159804 0.325046 0.217792 0.153565
5 0.214941 0.457587 0.135086 0.235832
5 0.356919 0.426508 0.137843 0.243144
5 0.486491 0.443876 0.165411 0.219378
5 0.633294 0.447532 0.161276 0.182815
5 0.773204 0.454845 0.148870 0.153565
5 0.412056 0.271115 0.275686 0.166362
5 0.225279 0.135832 0.266037 0.191956
5 0.461680 0.097623 0.226062 0.195246
5 0.669822 0.125777 0.231576 0.182815
5 0.883845 0.137660 0.232309 0.206581
5 0.635362 0.274771 0.159898 0.217550
5 0.793881 0.288483 0.206764 0.193784
5 0.921063 0.428336 0.157874 0.195612
5 0.487917 0.610238 0.975833 0.241316
5 0.505789 0.842596 0.981441 0.314808