1 0.310967 0.362028 0.229953 0.431604
1 0.493160 0.438090 0.099057 0.226415
1 0.612264 0.465507 0.099057 0.175118
1 0.573349 0.698113 0.061321 0.240566
1 0.298585 0.734375 0.250000 0.206958
1 0.126415 0.450472 0.158019 0.382075
1 0.806840 0.662736 0.103774 0.261792
1 0.869340 0.450472 0.096698 0.247642
1 0.770283 0.476120 0.143868 0.217571
1 0.511439 0.691038 0.055425 0.233491
1 0.642925 0.690153 0.080189 0.249410
1 0.836910 0.843160 0.093160 0.134434
1 0.622877 0.843160 0.141509 0.152123
1 0.040212 0.769752 0.080424 0.104363
1 0.968396 0.459316 0.061321 0.237028