4 0.793278 0.813974 0.074292 0.122052
4 0.870519 0.611439 0.108491 0.180425
4 0.710141 0.569870 0.087264 0.118514
4 0.592217 0.424823 0.089623 0.139741
4 0.660024 0.342571 0.097877 0.102594
4 0.500825 0.611439 0.095519 0.095519
4 0.502594 0.361144 0.068396 0.072524
4 0.304481 0.653892 0.117925 0.134434
4 0.466038 0.155955 0.106132 0.104363
4 0.288561 0.400059 0.067217 0.139741
4 0.849882 0.308078 0.045991 0.122052
4 0.742571 0.216981 0.053066 0.102594
4 0.653538 0.145342 0.061321 0.090212
4 0.392335 0.494693 0.069575 0.137972
4 0.406486 0.789210 0.083726 0.136203