5 0.121638 0.068966 0.193966 0.137931
5 0.380259 0.074138 0.069828 0.148276
5 0.309138 0.094828 0.087931 0.079310
5 0.627241 0.065517 0.160345 0.131034
5 0.838017 0.066379 0.116379 0.101724
5 0.913017 0.089655 0.131897 0.110345
5 0.585862 0.212069 0.093103 0.106897
5 0.668621 0.240517 0.093103 0.094828
5 0.439741 0.240517 0.080172 0.094828
5 0.346638 0.217241 0.157759 0.106897
5 0.196638 0.270690 0.080172 0.062069
5 0.103534 0.217241 0.178448 0.106897
5 0.874224 0.227586 0.209483 0.124138
5 0.914310 0.372414 0.124138 0.124138
5 0.819914 0.361207 0.100862 0.091379
5 0.435862 0.394828 0.103448 0.086207
5 0.340172 0.362069 0.139655 0.096552
5 0.583276 0.356897 0.165517 0.134483
5 0.697069 0.390517 0.087931 0.063793
5 0.185000 0.397414 0.093103 0.081034
5 0.098362 0.357759 0.126724 0.112069
5 0.376379 0.510345 0.186207 0.127586
5 0.129397 0.508621 0.230172 0.127586
5 0.927241 0.530172 0.124138 0.132759
5 0.838017 0.506897 0.116379 0.089655
5 0.845776 0.644828 0.080172 0.106897
5 0.913017 0.676724 0.090517 0.070690
5 0.865172 0.914655 0.217241 0.101724
5 0.115172 0.908621 0.160345 0.100000
5 0.090603 0.640517 0.075000 0.105172
5 0.371207 0.653448 0.103448 0.113793
2 0.603965 0.502586 0.248276 0.125862
4 0.625948 0.639655 0.245690 0.100000
4 0.356983 0.769828 0.225000 0.118966
3 0.615603 0.777586 0.240517 0.113793
3 0.111293 0.771552 0.178448 0.112069
5 0.618190 0.905172 0.152586 0.120690
5 0.828965 0.772414 0.108621 0.106897
5 0.924655 0.793966 0.087931 0.070690