5 0.140566 0.213443 0.238208 0.371462
5 0.231958 0.318691 0.152123 0.320165
5 0.694811 0.156840 0.257075 0.293632
0 0.338679 0.517689 0.110849 0.523585
4 0.437736 0.170106 0.228774 0.249410
3 0.888797 0.339033 0.109670 0.180425
5 0.483726 0.369104 0.089623 0.127358
5 0.943632 0.686616 0.061321 0.486439
5 0.892925 0.697229 0.087264 0.472288
5 0.551533 0.688384 0.274764 0.051297
5 0.550943 0.752064 0.275943 0.072524
5 0.543278 0.828125 0.279481 0.058373
5 0.547406 0.907724 0.301887 0.136203
5 0.221934 0.664505 0.075472 0.413915
5 0.178302 0.666274 0.091981 0.509434
5 0.129953 0.672465 0.089623 0.447524
5 0.088090 0.680425 0.116745 0.438679
5 0.527358 0.500000 0.167453 0.272406
5 0.723703 0.475236 0.204009 0.307783